! elementShape quadrilateral
! elementNumPoints 4
81	64
0	0	0
0.05	0	0
0.1	0	0
0.15	0	0
0.2	0	0
0.25	0	0
0.3	0	0
0.35	0	0
0.4	0	0
0	0.05	0
0.05	0.05	0
0.1	0.05	0
0.15	0.05	0
0.2	0.05	0
0.25	0.05	0
0.3	0.05	0
0.35	0.05	0
0.4	0.05	0
0	0.1	0
0.05	0.1	0
0.1	0.1	0
0.15	0.1	0
0.2	0.1	0
0.25	0.1	0
0.3	0.1	0
0.35	0.1	0
0.4	0.1	0
0	0.15	0
0.05	0.15	0
0.1	0.15	0
0.15	0.15	0
0.2	0.15	0
0.25	0.15	0
0.3	0.15	0
0.35	0.15	0
0.4	0.15	0
0	0.2	0
0.05	0.2	0
0.1	0.2	0
0.15	0.2	0
0.2	0.2	0
0.25	0.2	0
0.3	0.2	0
0.35	0.2	0
0.4	0.2	0
0	0.25	0
0.05	0.25	0
0.1	0.25	0
0.15	0.25	0
0.2	0.25	0
0.25	0.25	0
0.3	0.25	0
0.35	0.25	0
0.4	0.25	0
0	0.3	0
0.05	0.3	0
0.1	0.3	0
0.15	0.3	0
0.2	0.3	0
0.25	0.3	0
0.3	0.3	0
0.35	0.3	0
0.4	0.3	0
0	0.35	0
0.05	0.35	0
0.1	0.35	0
0.15	0.35	0
0.2	0.35	0
0.25	0.35	0
0.3	0.35	0
0.35	0.35	0
0.4	0.35	0
0	0.4	0
0.05	0.4	0
0.1	0.4	0
0.15	0.4	0
0.2	0.4	0
0.25	0.4	0
0.3	0.4	0
0.35	0.4	0
0.4	0.4	0
0	1	10	9
1	2	11	10
2	3	12	11
3	4	13	12
4	5	14	13
5	6	15	14
6	7	16	15
7	8	17	16
9	10	19	18
10	11	20	19
11	12	21	20
12	13	22	21
13	14	23	22
14	15	24	23
15	16	25	24
16	17	26	25
18	19	28	27
19	20	29	28
20	21	30	29
21	22	31	30
22	23	32	31
23	24	33	32
24	25	34	33
25	26	35	34
27	28	37	36
28	29	38	37
29	30	39	38
30	31	40	39
31	32	41	40
32	33	42	41
33	34	43	42
34	35	44	43
36	37	46	45
37	38	47	46
38	39	48	47
39	40	49	48
40	41	50	49
41	42	51	50
42	43	52	51
43	44	53	52
45	46	55	54
46	47	56	55
47	48	57	56
48	49	58	57
49	50	59	58
50	51	60	59
51	52	61	60
52	53	62	61
54	55	64	63
55	56	65	64
56	57	66	65
57	58	67	66
58	59	68	67
59	60	69	68
60	61	70	69
61	62	71	70
63	64	73	72
64	65	74	73
65	66	75	74
66	67	76	75
67	68	77	76
68	69	78	77
69	70	79	78
70	71	80	79
